"f:0","f:1","f:2",":0",":1",":2"
0.7381579691073659,-0.000251910249907994,0.0705044555796085,1.0,0.0,0
-0.3738315244835813,0.6480141394767703,0.0716890315502677,-0.4999999999999998,0.8660254037844387,0
-0.38006083709119504,-0.6585390927533366,0.07292105389537051,-0.5000000000000004,-0.8660254037844384,0
-0.6118650947679873,0.00014760425996793397,0.001123982768645491,2.0,0.0,0
0.30973217659141117,-0.5365206589265128,0.0012936336602564862,-0.9999999999999996,1.732050807568877,0
0.30960027359728465,0.5360400371755439,0.0013743859659927518,-1.000000000000001,-1.732050807568877,0
0.765635188384853,0.03791860584426826,0.0734804442750907,0.9987569212133509,0.04984588577233078,0
0.7592137720558328,0.07607981269438592,0.07318483185106549,0.9950307753432733,0.09956784681695303,0
0.7478174769305562,0.11300243817446003,0.07253635204884606,0.9888308261735164,0.1490422665185985,0
0.717508856772456,0.14485902665419462,0.07014125351883749,0.9801724877519361,0.1981461436772885,0
0.7224870963152711,0.1840470115404371,0.07138362748184758,0.969077286073122,0.2467573983027709,0
0.7546432191555512,0.2324362444814353,0.07564976042764825,0.9555728055619417,0.2947551751377396,0
0.7212327042821447,0.262618358599242,0.0736697100041464,0.9396926204846415,0.3420201441533927,0
0.6861785641430777,0.28983308476139197,0.07120257872471,0.9214762114783117,0.3884347972048562,0
0.6735111947365291,0.3240249813800247,0.07141466781495721,0.9009688673944658,0.4338837401723341,0
0.6626334942497386,0.36056441478120266,0.07231544506975324,0.8782215727410867,0.4782539797766164,0
0.6453328492236193,0.3946160787592613,0.0724614502133741,0.8532908808601266,0.5214352046428676,0
0.6230484005416346,0.42454996388416744,0.07226918034102066,0.8262387733935119,0.563320059416656,0
0.5979874550566998,0.45348544362380716,0.07185970445362636,0.7971325061456526,0.6038044117476711,0
0.5651448553799987,0.4739202451961173,0.07047654027173669,0.7660444418669846,0.642787611178607,0
0.5665209941779232,0.5255278901598586,0.07428298108452114,0.7330518703992545,0.6801727393127093,0
0.5366899990677652,0.5505571087501488,0.07381222357470761,0.6982368164976528,0.7158668508090197,0
0.4756455206684737,0.5392472790064544,0.06861717536962693,0.6616858358524876,0.7497812045071514,0
0.47228308016598086,0.5915428455893823,0.07236712285979777,0.6234897999758007,0.7818314839696187,0
0.4487384979877079,0.6242496736441014,0.07355102729229188,0.5837436701740496,0.8119380071974278,0
0.4061017199352168,0.6288288291647128,0.07169470737920912,0.5425462616153021,0.840025924604271,0
0.37743260004272433,0.6537576923048527,0.07231814686846301,0.4999999975797733,0.8660254051817572,0
0.341389180056064,0.6659045948799942,0.07166312535181467,0.4562106550042268,0.8898718100156979,0
0.30942021090556293,0.685420486974063,0.072018195449244,0.4112871008553518,0.9115058533383095,0
0.27746821164220337,0.7081802224527531,0.07283128825241093,0.3653410221891992,0.9308737494986906,0
0.22630974070191556,0.6733395617811121,0.06790437450585406,0.318486648181213,0.9479273468627731,0
0.2082490044349515,0.737547477829804,0.07377082722644007,0.2708404661667194,0.9626242475060527,0
0.17429496198860844,0.7632379872595644,0.07592868554059398,0.2225209320986794,0.9749279126058167,0
0.13028677293138013,0.7418811960728383,0.07236094950489536,0.173648175921015,0.98480775332006,0
0.09286168730772414,0.7426276197480153,0.07178441196391833,0.1243437030361943,0.992239206802093,0
0.05615119717517543,0.7449038200206951,0.0717072553804242,0.07473009210799281,0.9972037972919733,0
0.018750507405287345,0.7573834441802704,0.07264706494303981,0.02493069039099663,0.9996891820344103,0
-0.01851595225325014,0.7524065058857715,0.07214485766341305,-0.02493069294883477,0.9996891819706217,0
-0.05698011278428144,0.7599069213827825,0.07301076233736363,-0.0747300946600273,0.9972037971007247,0
-0.09355733960181586,0.745176006986613,0.07206633329669523,-0.124343705580065,0.9922392064833047,0
-0.1313197847756388,0.7450111625019739,0.0725702900220415,-0.1736481784543331,0.9848077528733677,0
-0.16782117996863435,0.7357363151095487,0.07244426662251044,-0.2225209345971862,0.9749279120355488,0
-0.21031891548213416,0.7469963881970736,0.07466852178300752,-0.270840468643839,0.9626242468090993,0
-0.23436093426538085,0.6980019258397925,0.0706510211670568,-0.3184866506226195,0.9479273460425042,0
-0.27935504892438234,0.7115294271867181,0.07374210642814279,-0.3653410245786896,0.9308737485608848,0
-0.3094739963974602,0.6858129775023388,0.0725404462236719,-0.4112871032374802,0.9115058522634522,0
-0.3396100483963953,0.6620357390017304,0.07122105860661235,-0.4562106574758537,0.8898718087485687,0
-0.4112786694045364,0.6367038327947852,0.0726687259427484,-0.5425462639559764,0.8400259230925037,0
-0.4341489294859247,0.603792798688797,0.07132166321549888,-0.5837436724761533,0.8119380055423285,0
-0.46567513269362704,0.5838487727497843,0.07159843211537972,-0.6234898022136012,0.7818314821850327,0
-0.4939466667390393,0.5598843334900165,0.07158954539738759,-0.6616858380518986,0.7497812025661601,0
-0.5212876288516509,0.5344252944746638,0.07155574934022735,-0.6982368186218287,0.7158668487371574,0
-0.5617631505346378,0.5210067872373788,0.07335754236698731,-0.7330518724753545,0.680172737075206,0
-0.5711639068598929,0.4795761012436805,0.07147626322109958,-0.7660444438034275,0.6427876088708449,0
-0.597473713342318,0.4525290471221395,0.0719215867213512,-0.797132507959843,0.6038044093526077,0
-0.6394485418085563,0.43598257013236164,0.07427580959858719,-0.8262387750591451,0.5633200569736214,0
-0.6342274847236036,0.387408850453056,0.07127983068729958,-0.8532908824002637,0.5214352021225456,0
-0.6580924108904771,0.35855148891869487,0.07178436224738526,-0.8782215741567245,0.47825397717707,0
-0.6882813129001557,0.3311743663285674,0.07312500993191255,-0.9009688686994783,0.4338837374624482,0
-0.6767461925539457,0.28533090047893045,0.07032176651438614,-0.9214762126220402,0.3884347944916126,0
-0.7081714018141843,0.2581564528437071,0.07275995398202934,-0.9396926214913375,0.3420201413875189,0
-0.7228909914952694,0.22291100198891758,0.07305538834635872,-0.9555728064347387,0.2947551723082021,0
-0.7314667230329877,0.1858961120722111,0.07221586349910619,-0.969077286800957,0.2467573954443845,0
-0.7410522923509054,0.14977066800927646,0.07188740907231046,-0.9801724883345326,0.1981461407953502,0
-0.760415644322709,0.11472045166134928,0.07317939378185183,-0.9888308265953263,0.149042263720075,0
-0.7457502528420301,0.07457411698731331,0.07151504950253464,-0.9950307756251393,0.09956784400012969,0
-0.7393290817581657,0.03701199670794935,0.07072838521826753,-0.998756921357763,0.04984588287876796,0
-0.7607150208225231,0.0003657638610569751,0.07299138573074536,-1.0,-2.94869934025499e-09,0
-0.7802497075957783,-0.03917761153361771,0.07496902114654964,-0.9987569210781296,-0.04984588848174898,0
-0.7337150640018089,-0.07332095038845499,0.07086718988611045,-0.9950307750965406,-0.09956784928267898,0
-0.7504917164663473,-0.11333645621577917,0.07289404653565937,-0.9888308258410139,-0.1490422687246103,0
-0.7333918565476051,-0.14810089825326503,0.07179798346537516,-0.9801724873650267,-0.1981461455912204,0
-0.7237145768325086,-0.18441248904154267,0.07163401223685488,-0.9690772856554032,-0.2467573999432569,0
-0.7241848861790472,-0.22350045225762036,0.07255098755705067,-0.9555728051458778,-0.294755176486586,0
-0.696140924883765,-0.25312102664242286,0.07099617614793811,-0.9396926200849158,-0.3420201452516306,0
-0.6896984745520409,-0.2906658698828895,0.07190666633812635,-0.9214762111250666,-0.3884347980428531,0
-0.7062957666435548,-0.3399730416418012,0.07564528343857573,-0.9009688671376456,-0.4338837407056272,0
-0.6508024558987259,-0.35486777440392914,0.07135350180661079,-0.8782215725955578,-0.4782539800438525,0
-0.6385763794619402,-0.38997867260908964,0.0717305901849699,-0.8532908808628077,-0.5214352046384804,0
-0.634453798482976,-0.4324502033460531,0.07364769045752001,-0.8262387735864433,-0.563320059133678,0
-0.6052925111425103,-0.4589778774344331,0.07276283257578693,-0.7971325065191751,-0.6038044112545532,0
-0.5622916596970972,-0.47165132617055805,0.07021465483220131,-0.7660444424728863,-0.6427876104565217,0
-0.5531566446241075,-0.5130361014499912,0.0722497363623546,-0.7330518712460996,-0.6801727384000276,0
-0.5357757641462055,-0.5493013345610197,0.07348167357196879,-0.698236817601381,-0.7158668497324737,0
-0.5036344580115628,-0.5711041395725031,0.07285863088522289,-0.6616858371710347,-0.7497812033435269,0
-0.45476004622248056,-0.5704730375551973,0.06965517627050706,-0.6234898015466015,-0.7818314827169469,0
-0.43608762068931395,-0.6058137534534002,0.07139886424769698,-0.5837436720079336,-0.8119380058789554,0
-0.41548305691194126,-0.6431511187357167,0.07350101734774844,-0.5425462636956888,-0.8400259232606149,0
-0.33806501701944247,-0.6594848159557138,0.0710471737060199,-0.4562106573000946,-0.8898718088386751,0
-0.3142893269484883,-0.6964784830830423,0.07326043479801644,-0.4112871029630389,-0.9115058523872848,0
-0.2747078861245107,-0.6999259671871114,0.07212348572984624,-0.3653410241060264,-0.9308737487463914,0
-0.23818714146889286,-0.7090564220584654,0.07171975639004464,-0.3184866498668794,-0.9479273462964194,0
-0.20559940430138654,-0.7308333379119405,0.0727416354078402,-0.2708404676094099,-0.9626242471001425,0
-0.16537119293720656,-0.7245232305990523,0.07120178824373975,-0.2225209332845615,-0.9749279123351469,0
-0.1321953117481413,-0.7498156120916006,0.07292728276578504,-0.1736481768446532,-0.9848077531571977,0
-0.09445374856617698,-0.7525798684650618,0.07266081730952158,-0.1243437036980888,-0.9922392067191468,0
-0.05573672184963349,-0.7462060269879445,0.07181403886960865,-0.07473009249910711,-0.9972037972626633,0
-0.018138287037549623,-0.7370051315827374,0.07055833365945688,-0.02493069052840025,-0.9996891820309837,0
0.0183010095329954,-0.748921268673815,0.0716727916813736,0.02493069309232709,-0.9996891819670433,0
0.05682426420498251,-0.7617908314467675,0.07337900702375058,0.0747300951049395,-0.9972037970673832,0
0.0965541330722694,-0.7685992401699193,0.07447337342536264,0.1243437063344824,-0.992239206388764,0
0.12989300025129596,-0.7365823337032394,0.07184728456978595,0.1736481794302386,-0.9848077527012893,0
0.16578557676147315,-0.7255778606665442,0.07130709002717657,0.2225209357743513,-0.9749279117668685,0
0.20628396746293287,-0.7335341597386962,0.07286865237163835,0.2708404700341959,-0.9626242464179136,0
0.23915280241287598,-0.711337845567245,0.07175930594756001,0.318486652220634,-0.9479273455055999,0
0.2730814746237353,-0.6964134690438742,0.07163693492278786,0.3653410263354016,-0.9308737478714261,0
0.30706852778346666,-0.6804136292341623,0.07155983384802624,0.4112871052270108,-0.9115058513657417,0
0.34561314776391894,-0.6734074510664022,0.07219312678408732,0.4562106595644104,-0.8898718076778283,0
0.3770051833775607,-0.6535954444536419,0.07202148507053233,0.5000000022112554,-0.8660254025077698,0
0.40772900063953676,-0.6315882742565381,0.07208357358768692,0.5425462659539906,-0.8400259218020487,0
0.4417417971633691,-0.6141699271954513,0.07256177271482944,0.5837436741328241,-0.8119380043512627,0
0.4675729916274345,-0.5865634172546211,0.07205958243470476,0.6234898036123568,-0.7818314810695619,0
0.5025329588684407,-0.5689886200414896,0.07281476510983943,0.6616858392346961,-0.7497812015223346,0
0.5099588904702294,-0.5230305693100449,0.07001874585177721,0.6982368196005765,-0.7158668477825132,0
0.5485313839915748,-0.5092982761639747,0.0718320817927037,0.7330518731722148,-0.6801727363241686,0
0.6074306638138633,-0.5097837095390212,0.07636661110867139,0.7660444443023203,-0.6427876082762868,0
0.6025547305891084,-0.45605455795711936,0.07263960678079809,0.7971325082631346,-0.6038044089522068,0
0.6125736637438151,-0.4174071026651971,0.07109902358912173,0.8262387751842054,-0.563320056790191,0
0.6470332931238415,-0.39598615852501606,0.07280323103528984,0.8532908823902703,-0.5214352021388984,0
0.6640295200767857,-0.361166024431666,0.0724029246299547,0.8782215740059123,-0.4782539774540069,0
0.6769387832106107,-0.3256745715381505,0.07163541721346718,0.900968868412737,-0.4338837380578718,0
0.6965505060522008,-0.2938922148314607,0.07206125436933646,0.9214762122667404,-0.3884347953344823,0
0.7081945437555776,-0.25826982873022003,0.0721544618980684,0.9396926210805971,-0.3420201425160179,0
0.7311595418786695,-0.22497988482342923,0.07331443118573253,0.9555728059946924,-0.2947551737347962,0
0.7285213569900758,-0.18551465229296132,0.07189003438580129,0.9690772863614192,-0.2467573971705562,0
0.7329804838552709,-0.1484358646152621,0.07163471043816048,0.9801724879307688,-0.1981461427926538,0
0.7632661708782077,-0.11514295783178062,0.07422657443496779,0.9888308262652725,-0.149042265909836,0
0.7486116433644323,-0.07453540950871479,0.0721656675951319,0.9950307753761571,-0.0995678464883285,0
0.7329403395608309,-0.03643674530017698,0.0700861947559154,0.9987569212262252,-0.04984588551437208,0
-0.6107240070854266,-0.015310117402454724,0.0011592689669328137,1.999378363998783,0.0498613835903926,0
-0.6215994037130621,-0.030888812940951225,0.0011897089076866514,1.99751384242656,0.09969177154750199,0
-0.6117329470439798,-0.04596611837969129,0.0012882047021530547,1.994407594337468,0.1494601875050182,0
-0.6156380080633072,-0.06148970535319547,0.001331376039754865,1.99006155068598,0.1991356936395657,0
-0.6250154522822767,-0.07841266094538217,0.0014159708141951053,1.984478413128997,0.2486874098643088,0
-0.6190378572601758,-0.09330450908864481,0.0014515957490662458,1.977661652345761,0.2980845330456336,0
-0.6087859617916412,-0.10733947512559128,0.0013553927267748846,1.96961550587931,0.3472963561567975,0
-0.6067384087336795,-0.12264063216199937,0.0012995011355013276,1.960344975501618,0.3962922873657272,0
-0.6032538137445632,-0.13759769388687906,0.0012448965676529506,1.949855824110242,0.4450418690228695,0
-0.6077298840314641,-0.15494553723132962,0.0012595236154286527,1.938154572142735,0.4935147966193216,0
-0.5824846776144448,-0.16379994145339677,0.001332547851534817,1.925248493522826,0.5416809376266531,0
-0.6048333977689482,-0.1866179677211421,0.0012682538185053527,1.911145611118854,0.5895103502917848,0
-0.5837456446846067,-0.19596667001403126,0.0011376953925652286,1.895854691810078,0.6369733020635264,0
-0.5883285058674794,-0.2142126745295347,0.001108894438282756,1.879385240966725,0.684040288313813,0
-0.5814830182321662,-0.22824956000294225,0.001131974019022917,1.861747496606645,0.7306820504698958,0
-0.5499981278035081,-0.2317662046531235,0.0011879852012523751,1.842952422959184,0.7768695944036388,0
-0.5813270408041381,-0.2622151624939166,0.0010220512919197524,1.823011703733695,0.822574208232894,0
-0.5594849892028807,-0.26922994151420526,0.0011123846785928804,1.801937734790558,0.8677674803412917,0
-0.575873536511106,-0.2960108701527215,0.0013077168563473255,1.779743616495574,0.9124213169053285,0
-0.47050948936487275,-0.2559188495942046,0.0010496493472535486,1.756443145482605,0.9565079595524393,0
-0.5839065802165708,-0.33672632197191443,0.001312410853986255,1.732050806161571,1.000000002437526,0
-0.5154969948364029,-0.315285692273805,0.0012944396617736657,1.706581761719242,1.042870409287391,0
-0.5362021872799869,-0.3462054883921735,0.0012147166235076017,1.680051844621823,1.085092530332234,0
-0.5093790547805629,-0.34727872297347545,0.0011135711157006661,1.652477546792287,1.126640118825592,0
-0.5033346937415069,-0.36187287992874406,0.0011112929349551565,1.623876009439365,1.167487347240767,0
-0.5033287107057949,-0.3813299334122079,0.0011712255120925829,1.594265012295229,1.207608823490162,0
-0.478390291263289,-0.38148738859853076,0.0012955904212993818,1.563662962617372,1.24697960662501,0
-0.4816448449858855,-0.4039794475260799,0.0012810600018797788,1.532088883736319,1.285575222354414,0
-0.471707211497075,-0.41643501533639143,0.001228884688799034,1.49956240323462,1.323371678254153,0
-0.4555911826283529,-0.4226093520107799,0.0012204690802591165,1.46610374079906,1.360345478624824,0
-0.44143124085673174,-0.43058968241516177,0.0012435769770334025,1.431733695513738,1.396473639253737,0
-0.4432527046990808,-0.45453962651119323,0.0012585818339552,1.396473632967984,1.431733701644688,0
-0.4179038895706188,-0.45058586270006235,0.00133445059647886,1.360345472172362,1.46610374678607,0
-0.4030341577373909,-0.4563739746343451,0.0012859252100269785,1.323371671674227,1.499562409041439,0
-0.4135142311997607,-0.4924801242239367,0.0010400525672341694,1.285575215703837,1.532088889316815,0
-0.39156607339657745,-0.49113400071730745,0.0010345864059331737,1.246979599917315,1.56366296796658,0
-0.37446833831096765,-0.49523423041614023,0.0011882820770515458,1.207608816685957,1.594265017449214,0
-0.3113653923902262,-0.4329687290135013,0.0010435694026100946,1.167487340310184,1.623876014422115,0
-0.38285375680431194,-0.5605721392038782,0.0012482096828019488,1.126640111777177,1.652477551597815,0
-0.33102900232866406,-0.5130847030122572,0.0012101557893781961,1.085092523196012,1.680051849230884,0
-0.32487363407773423,-0.5316402795594423,0.0012376811421014391,1.042870402019148,1.706581766160772,0
-0.3076876050704357,-0.5328673250381946,0.0012247408679003874,0.9999999951139131,1.732050810389861,0
-0.2981087259612914,-0.5473222009423626,0.0012419572557461644,0.9565079524296293,1.756443149361481,0
-0.2847108710874672,-0.555589679014125,0.0012616653022471881,0.9124213099590336,1.779743620056732,0
-0.2622154798641255,-0.544573507321279,0.001260711165539205,0.8677674735580184,1.80193773805721,0
-0.25580477296988824,-0.5667022428444181,0.0012985409898152267,0.822574201657489,1.82301170670063,0
-0.23938350282175533,-0.5676910860926901,0.0012163715481137982,0.7768695880396695,1.842952425641822,0
-0.22855406225742397,-0.5826323081162975,0.001126585446743847,0.7306820443214058,1.861747499019749,0
-0.21064131580673695,-0.5788471211930021,0.0011745373636011167,0.6840402823383096,1.87938524314163,0
-0.19565687788261024,-0.5818452904449605,0.0011180705098949504,0.636973296301693,1.895854693745952,0
-0.1898735689185057,-0.6158484864565166,0.0011088219519250558,0.5895103447161897,1.911145612838697,0
-0.16485610448292778,-0.5868062426618907,0.0013731185037514518,0.541680932269027,1.925248495030228,0
-0.15228352390717304,-0.5977026733515052,0.00147441878838807,0.4935147914809631,1.938154573451122,0
-0.13594609388732656,-0.5946391427101211,0.0012912083977590972,0.4450418641293511,1.949855825227156,0
-0.12655231792308322,-0.6262963100372819,0.0010985026107253966,0.3962922827212658,1.960344976440516,0
-0.10891680584071321,-0.6187481743212848,0.0012356077056152022,0.3472963517705324,1.969615506652727,0
-0.08932999351384527,-0.5925244361317047,0.0013121548086366187,0.2980845289189727,1.977661652967755,0
-0.07836549423659389,-0.6240931380760067,0.0012721020533899455,0.24868740599753,1.984478413613567,0
-0.06299160146576872,-0.6302008360520587,0.0012778421866776358,0.1991356900227619,1.990061551047896,0
-0.04640802180381806,-0.6182482690814941,0.0012746970541452143,0.1494601841379165,1.994407594589797,0
-0.030836793546272955,-0.6217807738716082,0.0012573147741158839,0.09969176841645079,1.997513842582824,0
-0.015431142608912696,-0.6139826364827772,0.0012391518864551072,0.04986138070088649,1.999378364070843,0
-4.5902235229712826e-05,-0.6327460151707487,0.0011236828324881246,-2.641897245074379e-09,2.0,0
0.015753950324210644,-0.6272811025204135,0.0011161908376111193,-0.04986138598161982,1.99937836393915,0
0.030267754543787443,-0.606181870091105,0.0012555113620477552,-0.09969177368826551,1.997513842319719,0
0.0468352610038553,-0.6269692130427399,0.0013203327586712693,-0.1494601894066317,1.994407594194961,0
0.06301396244906758,-0.6292637988193431,0.0013250791585548802,-0.1991356952885508,1.990061550520975,0
0.07816533804041881,-0.6243684512079812,0.001224553379900689,-0.2486874112490979,1.98447841295546,0
0.09143637493367748,-0.6048342521715974,0.0011603465408330626,-0.2980845341657336,1.977661652176933,0
0.10549087146365962,-0.5989905734760455,0.0012758026684905983,-0.3472963569997695,1.969615505730671,0
0.12344921584741678,-0.6114299797672406,0.001139920348186757,-0.396292287913709,1.960344975390841,0
0.13945621912989237,-0.611326906278511,0.000844460801083509,-0.4450418692873339,1.94985582404988,0
0.15024458946630365,-0.5893213592745492,0.0011123918931768356,-0.4935147966206358,1.938154572142401,0
0.1701843060394797,-0.6050194177618836,0.0011704931348617198,-0.5416809373822036,1.925248493591603,0
0.18575302694404452,-0.6017205312243908,0.001253918643623895,-0.5895103498039301,1.911145611269337,0
0.19107949470046215,-0.5687159756416297,0.0012649093895006737,-0.6369733013310825,1.895854692056167,0
0.21496089078541905,-0.5913905323178424,0.001167384775213035,-0.6840402873396162,1.879385241321304,0
0.2250818661980521,-0.573084006241449,0.0011877508934641338,-0.7306820492469894,1.8617474970866,0
0.23991603460185879,-0.5692145914441417,0.0012685826971592753,-0.7768695929453332,1.842952423573911,0
0.26045074819090214,-0.5771781191055857,0.0012817825978846636,-0.8225742065652993,1.823011704486142,0
0.2710322230333692,-0.5629890607930261,0.0012174211100062422,-0.8677674785597818,1.801937735648488,0
0.2842336978505417,-0.5542215789533237,0.0012572761207123432,-0.9124213150024141,1.779743617471142,0
0.29815736261663894,-0.5474687951433899,0.001323860141639329,-0.9565079573889781,1.756443146660764,0
0.3216473191173141,-0.5263651705600936,0.0012433872225819601,-1.042870406823403,1.706581763224954,0
0.33406287374202986,-0.5171802787619386,0.0012571990255605336,-1.085092527906474,1.680051846188545,0
0.3474559189202616,-0.5095637513590828,0.0013192155549436855,-1.126640116466638,1.652477548400596,0
0.36195774250809826,-0.50355248321496,0.00131413498115609,-1.167487344941716,1.623876011092271,0
0.3690656337755236,-0.48712106273821415,0.0012557591037136568,-1.207608821235299,1.594265014003223,0
0.3826261398089426,-0.47982363283674895,0.0012603988255149978,-1.246979604414224,1.563662964380416,0
0.3915918737179106,-0.4668948253781733,0.001201456204242538,-1.285575220173496,1.532088885566327,0
0.4219924313513023,-0.47815933176562286,0.0011208226399861206,-1.323371676103945,1.49956240513219,0
0.42108539737497525,-0.4537568928379686,0.0011173109431169713,-1.360345476561839,1.466103742713232,0
0.4307090282225584,-0.4415296819805898,0.0010381828518196549,-1.396473637260961,1.431733697457437,0
0.4494161158058434,-0.4382382415872741,0.0011408977447049805,-1.431733699722245,1.396473634938968,0
0.4397979173481041,-0.4081153960487859,0.001243738441295826,-1.466103744978237,1.360345474120744,0
0.472171729375622,-0.41675252613714703,0.0012875886088094255,-1.499562407300008,1.323371673647508,0
0.4857032237228671,-0.40750948654054925,0.001344237423044052,-1.532088887636584,1.28557521770626,0
0.4786318906493376,-0.3817151002172882,0.0012753655563044024,-1.563662966333828,1.246979601964723,0
0.49092608641366775,-0.3718739523902816,0.0012384770515942865,-1.594265015915693,1.207608818710488,0
0.5059770225530572,-0.3638183360753723,0.0011827651053062187,-1.623876012893778,1.167487342435972,0
0.5235560031295717,-0.35706670356804804,0.0011951419864352072,-1.652477550110891,1.126640113958096,0
0.5294723734773245,-0.3417629692706797,0.0012339781701966846,-1.68005184779593,1.085092525417756,0
0.5170497452463138,-0.3158743466395199,0.0012831668716226817,-1.706581764790277,1.042870404261865,0
0.5435454965670925,-0.3139052571527913,0.0012318141238552248,-1.732050809142122,0.9999999972750615,0
0.549005423486614,-0.2989465025876475,0.0012671017367201294,-1.756443148315827,0.9565079543497732,0
0.5439195314791168,-0.27884195494529146,0.0013217808413016122,-1.779743619204052,0.9124213116222488,0
0.5705413894833173,-0.2749824980329964,0.0011961383339086215,-1.801937737404553,0.8677674749132752,0
0.56485621947426,-0.25483801797694267,0.0011492175907844642,-1.823011706190275,0.8225742027885542,0
0.5812289827083419,-0.24496208859902516,0.0011352041853272057,-1.842952425246557,0.7768695889773488,0
0.5791051248924314,-0.22733514600699248,0.0011430931831567432,-1.861747498743624,0.7306820450249625,0
0.5822863768574855,-0.211870451512218,0.0012595966492118685,-1.879385242988807,0.6840402827581907,0
0.5968253032037848,-0.20043946193846168,0.0012399762019907473,-1.895854693711118,0.6369732964053721,0
0.5794589903270041,-0.17875659430436808,0.0012193980810042597,-1.911145612884474,0.5895103445677867,0
0.5994767047270881,-0.16865295403656613,0.001194462075189972,-1.925248495128637,0.5416809319192596,0
0.612565967732061,-0.1560106807518304,0.0011973693631451535,-1.938154573611952,0.4935147908493458,0
0.5997626527652459,-0.13684870833369595,0.0012757260855979355,-1.949855825431458,0.4450418632342447,0
0.6143594951724912,-0.12430340600491382,0.0012431676398008207,-1.960344976675834,0.3962922815572186,0
0.6112990609778207,-0.10777973119002038,0.0012492110843796266,-1.96961550689347,0.3472963504052147,0
0.6114269831752135,-0.09211998699189862,0.001263490853688649,-1.977661653194772,0.2980845274128214,0
0.625939598640887,-0.0784534662763663,0.0012609270064712149,-1.984478413829275,0.2486874042762199,0
0.6235042071452747,-0.06249744308680702,0.001187146847100121,-1.990061551252437,0.1991356879786867,0
0.6186329394434348,-0.0462183800187841,0.001188149270396042,-1.994407594766474,0.1494601817803276,0
0.6162506178396913,-0.03081336826330369,0.0012428173814145703,-1.997513842715592,0.09969176575621574,0
0.6203340330906107,-0.01523208655497509,0.0013471299888345623,-1.999378364145004,0.04986137772713273,0
0.596390381760257,-8.467922616645688e-05,0.001348808242552761,-2.0,-5.865467223031828e-09,0
0.6244117933389354,0.015281534233583933,0.001165092523522905,-1.999378363858827,-0.04986138920247862,0
0.6440755585557347,0.03209982845228813,0.0009765535302277992,-1.997513842158176,-0.09969177692509301,0
0.6166509950736798,0.04640389840700568,0.0011361464931750008,-1.994407593951517,-0.1494601926551702,0
0.6262912219682866,0.06255242014268739,0.0012160006567786758,-1.990061550197559,-0.1991356985206072,0
0.6292733308984438,0.07901114727862739,0.0012475309111129953,-1.984478412549867,-0.2486874144856603,0
0.6083432956520498,0.09183000136568263,0.0013472316396608522,-1.977661651689703,-0.2980845373982997,0
0.6034129333569868,0.10630292079622053,0.0013574054538843903,-1.969615505162549,-0.3472963602217572,0
0.595195015069039,0.12021755962892762,0.0012279100723794295,-1.960344974741549,-0.396292291125573,0
0.6152111478322091,0.1404284833896819,0.0011464477184910365,-1.949855823315455,-0.4450418725050611,0
0.5990561724498656,0.15255777446780983,0.0011422747917400268,-1.938154571326732,-0.49351479982397,0
0.5918189921661231,0.16656281071986104,0.001053288250854645,-1.925248492698027,-0.5416809405581626,0
0.595478525297622,0.18370520766081852,0.0011172024275831276,-1.911145610312701,-0.5895103529052681,0
0.5712541248329548,0.19193782564217204,0.0012639541101223074,-1.895854691025122,-0.6369733043998309,0
0.5928609555800533,0.21565421334090035,0.0012745086965364949,-1.879385240202038,-0.6840402904147758,0
0.5898285273313905,0.231545245955558,0.0012655062948778819,-1.861747495874101,-0.7306820523363867,0
0.5689077604474241,0.2397368220066699,0.0012470879780208403,-1.842952422297115,-0.776869595974252,0
0.5675259116865677,0.256294122534768,0.0012453273989701573,-1.823011703151829,-0.8225742095224411,0
0.5512126401573505,0.26535428016803214,0.001292290865432955,-1.801937734305214,-0.8677674813491189,0
0.5645952399623028,0.28951168836651187,0.001247945200023191,-1.779743616113509,-0.9124213176505752,0
0.5438932012546646,0.29616797947060225,0.0012250564455912735,-1.756443145235337,-0.9565079600065017,0
0.5335107493529894,0.30787880877178675,0.0012325760998062557,-1.73205080605425,-1.000000002623412,0
0.5466285878932572,0.3340051740707732,0.0011501522505165693,-1.70658176177723,-1.042870409192497,0
0.5166598705095401,0.3340412513211943,0.0013149369925370535,-1.680051844854507,-1.085092529971969,0
0.5092949947919142,0.34669197818333436,0.0013333183706006192,-1.652477547232321,-1.126640118180182,0
0.5416786832173354,0.3900716664802567,0.0012743123773871394,-1.62387601006735,-1.167487346367293,0
0.42738748479858396,0.3240002721685074,0.0010612760542977602,-1.594265013105994,-1.207608822419804,0
0.5131245164473026,0.40827643808429526,0.0013452851134796665,-1.563662963630536,-1.246979605354542,0
0.474391061078116,0.39855952563196606,0.0010732305748164066,-1.532088885021976,-1.285575220822228,0
0.4645316618774405,0.40990898391524255,0.0010795239853367022,-1.499562404794432,-1.323371676486671,0
0.44641484811415144,0.4140985925168158,0.0010982937633840421,-1.466103742542495,-1.360345476745849,0
0.46116715485814835,0.4498030337682975,0.0010291789056566408,-1.431733697509571,-1.39647363720751,0
0.4196857509775769,0.4307268507503485,0.0012814897786836718,-1.396473635249621,-1.431733699419242,0
0.4116490517991121,0.4433195506052882,0.0013074064550235023,-1.360345474648086,-1.466103744488935,0
0.42582937040204133,0.48229342838648936,0.0011486534012709337,-1.32337167439524,-1.49956240664013,0
0.39993813154488844,0.47696727512540604,0.0012146558784176893,-1.285575218687813,-1.532088886812963,0
0.38456619351461285,0.4822265598566861,0.0012750261998939224,-1.246979603153745,-1.563662965385613,0
0.3784340081380654,0.49930926755144844,0.0012197820084126924,-1.207608820185387,-1.594265014798499,0
0.36426390270233067,0.5067931355216644,0.0012515434839441009,-1.167487344084036,-1.6238760117089,0
0.34891667746134397,0.5119643731758622,0.0013428910961023675,-1.12664011579483,-1.652477548858626,0
0.33673604838574944,0.5213231593099704,0.001433338222644136,-1.08509252744646,-1.680051846485654,0
0.3219360399781763,0.526832941148287,0.0014315025482875036,-1.042870406648601,-1.706581763331773,0
0.30432286230490496,0.5587806570260835,0.001293894214844903,-0.9565079571847324,-1.75644314677199,0
0.28738448251964327,0.560445931444427,0.0011902816728362538,-0.91242131460109,-1.779743617676889,0
0.27070059041726086,0.5622690747465725,0.0011711934639139258,-0.8677674780192428,-1.801937735908797,0
0.2535078216360763,0.5620033238105986,0.0011375464435916791,-0.8225742059279231,-1.823011704773737,0
0.2380900905044799,0.5638083580957645,0.0010866083718918211,-0.7768695921195907,-1.842952423921991,0
0.24519810524549696,0.626614887632295,0.0011670570060848871,-0.7306820482148795,-1.861747497491673,0
0.18165269568453016,0.4992756701060554,0.0009944059234575687,-0.68404028602236,-1.879385241800746,0
0.21893192993187835,0.649623305507924,0.001345954783723553,-0.6369732997409852,-1.895854692590411,0
0.18062667625404674,0.5865476856674309,0.0012257008626135445,-0.5895103479101167,-1.911145611853501,0
0.16696866675991312,0.5937300674579433,0.001210705618866148,-0.5416809352533511,-1.925248494190569,0
0.15223196201355668,0.5970927642228118,0.0011713990633595798,-0.4935147942210477,-1.938154572753411,0
0.13891904274266825,0.6094420537128039,0.0011284499886342358,-0.4450418666050824,-1.949855824662086,0
0.12194007934759299,0.6035502155852968,0.0012499024638333756,-0.3962922849330073,-1.960344975993403,0
0.10606101040727862,0.6003805201440442,0.0012293748210802254,-0.3472963537176629,-1.969615506309395,0
0.09457029389592309,0.6274473852490526,0.0010054510626848593,-0.2980845306218972,-1.977661652711081,0
0.07744277015016073,0.619122841870569,0.0011364320013605327,-0.2486874074212847,-1.984478413435147,0
0.060273907815273114,0.6026381069598804,0.0012234842692308285,-0.1991356911786329,-1.990061550932234,0
0.04731679250438576,0.6300791327975515,0.001239216770790641,-0.1494601850244562,-1.99440759452336,0
0.030840688236939577,0.6173093591829615,0.0012564735764464515,-0.09969176902076926,-1.997513842552664,0
0.0154201253473749,0.6216761259947703,0.0012212489989095283,-0.04986138107970151,-1.999378364061396,0
8.545549921041754e-05,0.6293706511915313,0.0012431202006771814,2.528626419362467e-09,-2.0,0
-0.01570496037110754,0.629226182246398,0.0012673841909934258,0.0498613861586672,-1.999378363934734,0
-0.031359176671034605,0.6284833618081526,0.0012802822653853849,0.0996917741707406,-1.99751384229564,0
-0.04716554210701199,0.6285581358537016,0.0013021088136503064,0.149460190206391,-1.994407594135028,0
-0.06167071557462047,0.614592082680335,0.0013604158071974129,0.1991356963713484,-1.990061550412624,0
-0.07702329801699616,0.6162298714633824,0.0013610706238675854,0.248687412628506,-1.984478412782598,0
-0.09416330409179988,0.62503500557845,0.0013073490786162701,0.2980845357934279,-1.977661651931598,0
-0.10992428903644981,0.6229120117231824,0.0012786456832062983,0.3472963587996336,-1.969615505413307,0
-0.12371884178111461,0.6123457717310578,0.0012518872753908992,0.3962922899309745,-1.960344974983042,0
-0.13721694975685406,0.6010837315892841,0.0012728498893316302,0.4450418714874822,-1.94985582354771,0
-0.1568014513118452,0.6154572254420771,0.001281821988868179,0.4935147990174876,-1.938154571532087,0
-0.16577358811053974,0.5888007509126822,0.0013504294265347897,0.5416809400069702,-1.925248492853108,0
-0.18008726846477607,0.5844758052589268,0.0013428084092116134,0.5895103526374923,-1.911145610395299,0
-0.20465153000473446,0.609524167261589,0.0011270804509099306,0.636973304407545,-1.89585469102253,0
-0.21352262389533683,0.5859082731366636,0.0011771676443899336,0.6840402906109749,-1.879385240130626,0
-0.22131670918340518,0.5642579421714491,0.0011836317007452779,0.7306820527004998,-1.861747495731197,0
-0.2466973043887877,0.5856754175140154,0.0009855112905296155,0.7768695966220902,-1.842952422024028,0
-0.258344799423123,0.5718595067345263,0.0011038411423562717,0.8225742104821778,-1.823011702718779,0
-0.25915090566727894,0.5381997271011346,0.0011769846609903701,0.8677674826047643,-1.801937733700527,0
-0.28409620803387486,0.5541962394316846,0.001238384588573401,0.9124213192171531,-1.779743615310371,0
-0.2918816111761782,0.5359577547173203,0.0013053950601782916,0.9565079618081443,-1.756443144254214,0
-0.3114751499388375,0.5396165800258242,0.0013415373068310585,1.0000000045076,-1.732050804966413,0
-0.32978157632772637,0.5395496379915271,0.001301840689568098,1.042870411133797,-1.706581760590927,0
-0.3392629626267062,0.5260802939977732,0.0012117670216587073,1.085092531989665,-1.680051843551341,0
-0.37859299574145555,0.5539093685185903,0.0012307749374996621,1.126640120186905,-1.65247754586416,0
-0.30989480992689916,0.4310121393828052,0.0010714604231436696,1.167487348343676,-1.623876008646427,0
-0.4171221257973522,0.5517856329786248,0.0014058240252048358,1.207608824424344,-1.594265011587614,0
-0.3824682795468321,0.47895960140459337,0.0013406423841143516,1.246979607326268,-1.563662962058137,0
-0.3985051309001814,0.47496500778027106,0.001443170531096467,1.285575222847664,-1.532088883322433,0
-0.4105215656253776,0.465108274010302,0.001441392923222787,1.323371678566025,-1.499562402959391,0
-0.42156161733218417,0.4544725523518862,0.0013637759837598297,1.36034547882132,-1.466103740616739,0
-0.4317590117038737,0.4431003675572177,0.0012858541993162876,1.39647363929269,-1.431733695475744,0
-0.48104694973337814,0.46833270899037954,0.00128027679938247,1.431733701456348,-1.396473633161079,0
-0.3925728042288993,0.36411500376738704,0.001076178635791104,1.466103746441106,-1.360345472544145,0
-0.485882211237059,0.4295657025979254,0.0013500716473208562,1.499562408559113,-1.323371672220768,0
-0.4672725967394183,0.39189681680323835,0.001145799287107883,1.532088888706852,-1.285575216430763,0
-0.5036172375449632,0.4016092854766371,0.0010876569357138586,1.563662967237689,-1.246979600831315,0
-0.4837554842865857,0.366219148312175,0.001275257693771217,1.594265016609642,-1.207608817794346,0
-0.5092352352976923,0.3662066697508579,0.0012442353560809599,1.623876013392757,-1.167487341741934,0
-0.5168780736431675,0.3523505861667857,0.001293528704162942,1.652477550445623,-1.126640113467132,0
-0.511230961776169,0.33015693737957835,0.0013747189779110248,1.680051847983771,-1.08509252512692,0
-0.540710820186542,0.3306191939938989,0.001304738022579474,1.706581764851485,-1.042870404161702,0
-0.5337789324259055,0.30816559203838473,0.0012616252550392522,1.732050809051829,-0.9999999974314532,0
-0.5473929864496975,0.29811736687758944,0.0012422615747682915,1.75644314807641,-0.9565079547894157,0
-0.5698069332751864,0.2919514589023015,0.0012961448229807568,1.779743618817843,-0.912421312375576,0
-0.5503918606615769,0.26506026764807755,0.0013993052923177767,1.801937736883628,-0.8677674759949854,0
-0.5719935383413788,0.2580576502110805,0.0013374962767971927,1.823011705590305,-0.822574204118221,0
-0.5752618662194912,0.24264182974023754,0.0012135380560825775,1.84295242458515,-0.7768695905463899,0
-0.5769605375423791,0.2263647986063239,0.0011822634438592124,1.861747498023572,-0.7306820468596253,0
-0.5978908872772503,0.2175963248262917,0.0012320015189708725,1.879385242215032,-0.684040284884117,0
-0.5759222005539868,0.19347869638330611,0.0012938326692647718,1.895854692878643,-0.6369732988831043,0
-0.5991102539056217,0.1850063230366905,0.001263008950050539,1.911145612031387,-0.5895103473334261,0
-0.6099620546252571,0.17150097918174131,0.0012584253979660263,1.925248494270013,-0.5416809349709915,0
-0.6106951250770293,0.1554505142418854,0.001254691201640093,1.938154572757751,-0.4935147942040029,0
-0.5866929271584851,0.13386311137479626,0.0012763902478487735,1.94985582460586,-0.4450418668514265,0
-0.6134636709819812,0.12421734310452487,0.0011747997996444952,1.960344975889372,-0.3962922854476209,0
-0.6294454877696785,0.11103224428151415,0.001043382299194917,1.969615506173172,-0.347296354490222,0
-0.6050294149458729,0.09097905069623109,0.0012209467413794764,1.977661652549407,-0.29808453169453,0
-0.6063254564879383,0.07584749023242161,0.0013993758930369202,1.984478413262626,-0.2486874087979709,0
-0.6061756404153519,0.0609182773930885,0.0013424182885281995,1.990061550764815,-0.1991356928517383,0
-0.641129114758236,0.048113821792832856,0.0011031101832025948,1.994407594389217,-0.1494601868144702,0
-0.6160507194522582,0.030616214415745746,0.0011414970715048734,1.997513842454867,-0.0996917709803179,0
-0.6119184084867993,0.015142841301039614,0.0011648150533451651,1.99937836400635,-0.04986138328697454,0
